10000.000000
0
-26 235 -1 -1
44 200 -1 -1
114 165 -1 -1
184 130 -1 -1
254 95 -1 -1
324 60 -1 -1
394 25 -1 -1
464 -10 -1 -1
534 -45 -1 -1
604 -80 -1 -1
44 269 -1 -1
114 234 -1 -1
184 199 -1 -1
254 164 -1 -1
324 129 -1 -1
394 94 -1 -1
464 59 -1 -1
534 24 -1 -1
604 -11 -1 -1
674 -46 -1 -1
114 303 -1 -1
184 268 -1 -1
254 233 -1 -1
324 198 -1 -1
394 163 -1 -1
464 128 -1 -1
534 93 -1 -1
604 58 -1 -1
674 23 -1 -1
744 -12 -1 -1
184 337 -1 -1
254 302 -1 -1
324 267 -1 -1
394 232 -1 -1
464 197 -1 -1
534 162 -1 -1
604 127 -1 -1
674 92 -1 -1
744 57 -1 -1
814 22 -1 -1
254 371 -1 -1
324 336 -1 -1
394 301 -1 -1
464 266 -1 -1
534 231 -1 -1
604 196 -1 -1
674 161 -1 2
744 126 -1 2
814 91 -1 -1
884 56 -1 -1
324 405 -1 -1
394 370 -1 -1
464 335 -1 -1
534 300 -1 -1
604 265 -1 -1
674 230 -1 -1
744 195 -1 2
814 160 -1 2
884 125 -1 -1
954 90 -1 -1
394 439 -1 -1
464 404 -1 -1
534 369 -1 -1
604 334 -1 -1
674 299 -1 -1
744 264 -1 -1
814 229 -1 2
884 194 -1 2
954 159 -1 -1
1024 124 -1 -1
464 473 -1 2
534 438 -1 2
604 403 -1 2
674 368 -1 -1
744 333 -1 -1
814 298 -1 -1
884 263 -1 -1
954 228 -1 -1
1024 193 -1 -1
1094 158 -1 -1
534 507 -1 2
604 472 -1 2
674 437 -1 2
744 402 -1 2
814 367 -1 -1
884 332 -1 -1
954 297 -1 -1
1024 262 -1 -1
1094 227 -1 -1
1164 192 -1 -1
604 541 -1 2
674 506 -1 2
744 471 -1 2
814 436 -1 2
884 401 -1 -1
954 366 -1 -1
1024 331 -1 -1
1094 296 -1 -1
1164 261 -1 -1
1234 226 -1 -1
